object={
	name="tree_palm_generator_1_0"
	clamp_to_water_level=no
	render_under_water=no
	generated_content=yes
	layer="tree_layer"
	pdxmesh="tree_palm_mesh"
	count=23
	transform="3402.069092 0.000000 445.421570 0.000000 0.979712 0.000000 -0.200412 0.792447 0.792447 0.792447
3421.814941 0.000000 437.803162 0.000000 0.999818 0.000000 0.019054 0.746066 0.746066 0.746066
3417.922852 0.000000 439.058075 0.000000 0.111744 0.000000 -0.993737 1.010996 1.010996 1.010996
3400.626709 0.000000 442.120544 0.000000 0.992781 0.000000 0.119938 0.727883 0.727883 0.727883
3417.840576 0.000000 441.171265 0.000000 0.940870 0.000000 -0.338768 0.815715 0.815715 0.815715
3416.300537 0.000000 438.151215 0.000000 0.012635 0.000000 -0.999920 1.028769 1.028769 1.028769
3448.763184 0.000000 446.094666 0.000000 0.720736 0.000000 0.693210 0.597479 0.597479 0.597479
3436.434570 0.000000 443.794373 0.000000 0.992801 0.000000 0.119776 0.725889 0.725889 0.725889
3426.038086 0.000000 442.608856 0.000000 0.939952 0.000000 0.341306 0.680641 0.680641 0.680641
3380.894287 0.000000 471.808014 0.000000 0.920912 0.000000 -0.389770 0.830853 0.830853 0.830853
3373.773682 0.000000 483.715179 0.000000 0.658116 0.000000 0.752917 0.569709 0.569709 0.569709
3370.377197 0.000000 480.059814 0.000000 0.533840 0.000000 -0.845585 0.958015 0.958015 0.958015
3377.351318 0.000000 485.455261 0.000000 0.199178 0.000000 -0.979963 1.028253 1.028253 1.028253
3371.330811 0.000000 482.534302 0.000000 0.772731 0.000000 0.634733 0.616155 0.616155 0.616155
3392.744873 0.000000 452.621552 0.000000 0.993024 0.000000 0.117915 0.728656 0.728656 0.728656
3393.226562 0.000000 450.826324 0.000000 0.688709 0.000000 0.725038 0.595777 0.595777 0.595777
7329.886719 0.000000 3260.489014 0.000000 0.497913 0.000000 -0.867227 0.971390 0.971390 0.971390
7341.289551 0.000000 3267.035400 0.000000 0.109645 0.000000 -0.993971 1.058150 1.058150 1.058150
7340.590820 0.000000 3284.105957 0.000000 0.238224 0.000000 0.971210 0.471654 0.471654 0.471654
7338.941406 0.000000 3288.410889 0.000000 0.122737 0.000000 -0.992439 1.051303 1.051303 1.051303
7342.455566 0.000000 3287.536621 0.000000 0.361535 0.000000 0.932358 0.507494 0.507494 0.507494
7349.713867 0.000000 3281.397949 0.000000 0.045269 0.000000 -0.998975 1.064060 1.064060 1.064060
7340.232422 0.000000 3286.395752 0.000000 0.869022 0.000000 0.494774 0.648098 0.648098 0.648098
"}
