object={
	name="tree_olive_generator_1_0"
	clamp_to_water_level=no
	render_under_water=no
	generated_content=yes
	layer="tree_layer"
	pdxmesh="tree_olive_01_mesh"
	count=40
	transform="1597.014038 0.000000 1894.301758 0.000000 0.050230 0.000000 -0.998738 1.113003 1.113003 1.113003
1597.443481 0.000000 1900.835571 0.000000 0.570772 0.000000 -0.821108 0.979983 0.979983 0.979983
1600.555908 0.000000 1895.467285 0.000000 0.758628 0.000000 0.651524 0.580598 0.580598 0.580598
1604.642456 0.000000 1892.661743 0.000000 0.918239 0.000000 0.396026 0.652792 0.652792 0.652792
1599.920044 0.000000 1899.978394 0.000000 0.878007 0.000000 0.478648 0.630845 0.630845 0.630845
3263.652832 0.000000 1982.059204 0.000000 0.941741 0.000000 -0.336338 0.831891 0.831891 0.831891
3262.429443 0.000000 1983.918945 0.000000 0.877229 0.000000 -0.480072 0.869542 0.869542 0.869542
3266.995850 0.000000 1985.859375 0.000000 0.999272 0.000000 0.038155 0.740889 0.740889 0.740889
3289.856201 0.000000 2008.788452 0.000000 0.158354 0.000000 0.987382 0.412964 0.412964 0.412964
3451.902344 0.000000 1817.739624 0.000000 0.995880 0.000000 0.090676 0.728323 0.728323 0.728323
3424.570068 0.000000 1877.052612 0.000000 0.500638 0.000000 0.865656 0.500176 0.500176 0.500176
3431.802734 0.000000 1878.225952 0.000000 0.915882 0.000000 -0.401447 0.848619 0.848619 0.848619
3427.862793 0.000000 1880.480957 0.000000 0.575594 0.000000 -0.817736 0.978578 0.978578 0.978578
3427.710693 0.000000 1877.293091 0.000000 0.952703 0.000000 -0.303902 0.823717 0.823717 0.823717
3426.038086 0.000000 1882.257324 0.000000 0.992301 0.000000 -0.123850 0.779643 0.779643 0.779643
3425.710938 0.000000 1879.227417 0.000000 0.955371 0.000000 0.295408 0.678408 0.678408 0.678408
3430.573975 0.000000 1880.376587 0.000000 0.723921 0.000000 0.689883 0.568246 0.568246 0.568246
3429.611572 0.000000 1878.373901 0.000000 0.973217 0.000000 0.229886 0.694623 0.694623 0.694623
3433.401611 0.000000 1924.043091 0.000000 0.104021 0.000000 0.994575 0.399878 0.399878 0.399878
3438.940186 0.000000 1937.435669 0.000000 0.631906 0.000000 0.775045 0.538295 0.538295 0.538295
3434.065186 0.000000 2013.038818 0.000000 0.305585 0.000000 0.952165 0.449139 0.449139 0.449139
3437.067139 0.000000 2004.418335 0.000000 0.862024 0.000000 0.506867 0.623103 0.623103 0.623103
3438.940186 0.000000 2001.420044 0.000000 0.060709 0.000000 -0.998156 1.110498 1.110498 1.110498
3438.931641 0.000000 2007.849243 0.000000 0.999973 0.000000 -0.007328 0.751749 0.751749 0.751749
3417.434570 0.000000 2033.925049 0.000000 0.324380 0.000000 0.945927 0.453867 0.453867 0.453867
3414.530762 0.000000 2037.158081 0.000000 0.990927 0.000000 -0.134402 0.782184 0.782184 0.782184
3417.922852 0.000000 2038.667480 0.000000 0.969043 0.000000 -0.246894 0.809557 0.809557 0.809557
3419.933105 0.000000 2035.305908 0.000000 0.876598 0.000000 -0.481223 0.869856 0.869856 0.869856
3415.707520 0.000000 2039.607300 0.000000 0.835096 0.000000 0.550104 0.610941 0.610941 0.610941
3451.902344 0.000000 2041.684937 0.000000 0.836163 0.000000 -0.548481 0.888595 0.888595 0.888595
3449.918945 0.000000 2038.667480 0.000000 0.646786 0.000000 -0.762672 0.957085 0.957085 0.957085
3449.170166 0.000000 2042.790527 0.000000 0.489850 0.000000 0.871807 0.497211 0.497211 0.497211
3451.409424 0.000000 2044.383057 0.000000 0.640785 0.000000 -0.767720 0.958957 0.958957 0.958957
3449.836670 0.000000 2040.780640 0.000000 0.586862 0.000000 0.809687 0.524728 0.524728 0.524728
3456.329346 0.000000 1927.459473 0.000000 0.260155 0.000000 0.965567 0.437830 0.437830 0.437830
3459.979004 0.000000 1929.695312 0.000000 0.183352 0.000000 -0.983047 1.080979 1.080979 1.080979
3456.737061 0.000000 1924.262207 0.000000 0.999041 0.000000 -0.043795 0.760459 0.760459 0.760459
3458.359131 0.000000 1980.801392 0.000000 0.985128 0.000000 0.171823 0.708776 0.708776 0.708776
3458.034180 0.000000 1978.233887 0.000000 0.938140 0.000000 0.346257 0.665589 0.665589 0.665589
3404.093750 0.000000 2058.666016 0.000000 0.511087 0.000000 0.859529 0.503068 0.503068 0.503068
"}
